function [ Z1, Z2, Z3, Z4 ] = CarregaDadosEntrada( input_args )
%CarregaDadosEntrada Carrega os vetores de amostras
%   Detailed explanation goes here

%Numeros codificados em uma grade 9 x 5
%Numero '1'
Z1 = [ -1 -1  1  1 -1 ...
       -1  1  1  1 -1 ...
       -1 -1  1  1 -1 ... 
       -1 -1  1  1 -1 ...
       -1 -1  1  1 -1 ...
       -1 -1  1  1 -1 ...
       -1 -1  1  1 -1 ...
       -1 -1  1  1 -1 ...
       -1 -1  1  1 -1 ...
     ]';
 
 %Numero '2'
Z2 = [  1  1  1  1  1 ... 
        1  1  1  1  1 ... 
       -1 -1 -1  1  1 ... 
       -1 -1 -1  1  1 ... 
        1  1  1  1  1 ... 
        1  1 -1 -1 -1 ... 
        1  1 -1 -1 -1 ... 
        1  1  1  1  1 ... 
        1  1  1  1  1 ... 
     ]';
 
%Numero '3'
Z3 = [  1  1  1  1  1 ... 
        1  1  1  1  1 ... 
       -1 -1 -1  1  1 ... 
       -1 -1 -1  1  1 ... 
        1  1  1  1  1 ... 
       -1 -1 -1  1  1 ... 
       -1 -1 -1  1  1 ... 
        1  1  1  1  1 ... 
        1  1  1  1  1 ... 
     ]';
 
 %Numero '4'
Z4 = [  1  1 -1  1  1 ... 
        1  1 -1  1  1 ... 
        1  1 -1  1  1 ... 
        1  1  1  1  1 ... 
        1  1  1  1  1 ... 
       -1 -1 -1  1  1 ... 
       -1 -1 -1  1  1 ... 
       -1 -1 -1  1  1 ... 
       -1 -1 -1  1  1 ... 
     ]';
 