REDE 1:

T1:

EQM    = 0.0017
EPOCAS = 1912
TEMPO  = 43.5577
E      = 0.0004
V      = 4.0969

SAIDAS:
0.4730
0.0261
0.3974
0.2195
0.7022
0.1898
0.4145
0.1033
0.2319
0.2639
0.5489
0.6436
0.3350
0.2077
0.1790
0.3844
0.2786
0.7897
0.1310
0.3290

==============================
T2:

EQM    = 0.0017
EPOCAS = 1615
TEMPO  = 38.0463
E      = 0.0004
V      = 4.0734

SAIDAS:
0.4797
0.0297
0.3983
0.2263
0.6948
0.1837
0.4096
0.0965
0.2306
0.2655
0.5486
0.6398
0.3435
0.2142
0.1715
0.3902
0.2801
0.7874
0.1288
0.3285

==============================
T3:

EQM    = 0.0018
EPOCAS = 1901
TEMPO  = 42.9819
E      = 0.0004
V      = 4.1057

SAIDAS:
0.4817
0.0281
0.3954
0.2298
0.6956
0.1875
0.4103
0.0996
0.2330
0.2577
0.5474
0.6303
0.3349
0.2145
0.1755
0.3828
0.2860
0.7910
0.1360
0.3314
