REDE 2:

T1:

EQM    = 0.0010
EPOCAS = 808
TEMPO  = 18.143
E      = 0.0018
V      = 3.8233

SAIDAS:
0.4782
0.0233
0.3672
0.1515
0.7347
0.2132
0.4471
0.1334
0.1810
0.4233
0.5410
0.5861
0.2785
0.2297
0.0534
0.3980
0.2886
0.7713
0.1570
0.3632

==============================
T2:

eqm    = 0.0011
EPOCAS = 764
TEMPO  = 16.8563
E      = 0.0022
V      = 3.8116

SAIDAS:
0.4921
0.0256
0.3631
0.1475
0.7382
0.2134
0.4476
0.1310
0.1762
0.4190
0.5449
0.5849
0.2709
0.2273
0.0538
0.4020
0.2905
0.7635
0.1568
0.3632

==============================
T3:

EQM    = 0.0010
EPOCAS = 770
TEMPO  = 17.4366
E      = 0.0017
V      = 3.8282

SAIDAS:
0.4793
0.0221
0.3711
0.1465
0.7449
0.2249
0.4475
0.1268
0.1895
0.4279
0.5338
0.5835
0.2706
0.2268
0.0570
0.3981
0.2841
0.7715
0.1593
0.3562


