REDE 3:

T1:

EQM    = 0.0011
EPOCAS = 888
TEMPO  = 22.3096
E      = 0.0051
V      = 3.8575

SAIDAS:
0.4406
0.0270
0.3851
0.1524
0.7649
0.2049
0.4661
0.1071
0.1888
0.4130
0.4961
0.6068
0.2764
0.2267
0.0586
0.4030
0.2643
0.7592
0.1724
0.3400

==============================
T2:

EQM = 0.0009
EPOCAS = 841
TEMPO  = 21.7268
E      = 00049
V      = 3.7856

SAIDAS:
0.4481
0.0249
0.3982
0.1482
0.7630
0.2136
0.4563
0.0947
0.1859
0.4162
0.4991
0.6130
0.2888
0.2191
0.0555
0.4088
0.2591
0.7443
0.1715
0.3490


==============================
T3:

EQM    = 0.0009
EPOCAS = 849
TEMPO  = 21.9907
E      = 0.0052
V      = 3.7713

SAIDAS:
0.4560
0.0254
0.3901
0.1373
0.7467
0.2112
0.4512
0.0915
0.1905
0.4207
0.5046
0.6130
0.2845
0.2145
0.0570
0.4111
0.2638
0.7527
0.1723
0.3575
